T1 =           +2471.152026

Tx =           -4254.793949
Ty =            +313.726218
Tz =            -202.789540

Txx =        +217003.427231
Tyy =         +36653.869375
Tzz =          +7696.895513

Txy =          +1253.102793
Tyz =           -410.044266
Tzx =          +3814.108810

center of mass:  (   -1.721786,   +0.126955,   -0.082063)

inertia tensor with origin at c.o.m. :
  +44294.294167     -1793.272075     -3464.948703
   -1793.272075   +217357.838367      +384.299029
   -3464.948703      +384.299029   +246291.624444
