T1 =              +0.961890

Tx =              -0.001461
Ty =              -0.004093
Tz =              -0.001386

Txx =             +0.125417
Tyy =             +0.069269
Tzz =             +0.058352

Txy =             +0.022519
Tyz =             +0.005564
Tzx =             +0.005919

center of mass:  (   -0.001519,   -0.004255,   -0.001441)

inertia tensor with origin at c.o.m. :
      +0.127601        -0.022512        -0.005917
      -0.022512        +0.183764        -0.005559
      -0.005917        -0.005559        +0.194666