T1 =              +0.885036

Tx =              -0.003524
Ty =              -0.004273
Tz =              -0.000382

Txx =             +0.274308
Tyy =             +0.213932
Tzz =             +0.016702

Txy =             -0.200610
Tyz =             +0.001361
Tzx =             -0.005845

center of mass:  (   -0.003982,   -0.004828,   -0.000431)

inertia tensor with origin at c.o.m. :
      +0.230613        +0.200627        +0.005846
      +0.200627        +0.290995        -0.001359
      +0.005846        -0.001359        +0.488205