T1 =              +0.958279

Tx =              -0.000292
Ty =              -0.001495
Tz =              +0.002545

Txx =             +0.155664
Tyy =             +0.074163
Tzz =             +0.048055

Txy =             +0.056550
Tyz =             +0.005738
Tzx =             +0.010370

center of mass:  (   -0.000305,   -0.001560,   +0.002656)

inertia tensor with origin at c.o.m. :
      +0.122210        -0.056550        -0.010371
      -0.056550        +0.203712        -0.005742
      -0.010371        -0.005742        +0.229825