T1 =        +1447822.757494

Tx =          -48660.841800
Ty =          -66645.445137
Tz =            +537.587039

Txx =    +1628171303.731344
Tyy =    +1499133668.248190
Tzz =    +1213462056.128884

Txy =      +40110980.012650
Tyz =      -16130361.181557
Tzx =      -16751744.473788

center of mass:  (   -0.033610,   -0.046031,   +0.000371)

inertia tensor with origin at c.o.m. :
+2712592656.388031  -40108740.081384  +16751726.405666
-40108740.081384  +2841631724.185894  +16130336.435623
+16751726.405666  +16130336.435623  +3127300268.715376