T1 =              +0.900231

Tx =              +0.005337
Ty =              +0.002794
Tz =              +0.007937

Txx =             +0.153079
Tyy =             +0.142533
Tzz =             +0.017696

Txy =             +0.037029
Tyz =             -0.008726
Tzx =             -0.006118

center of mass:  (   +0.005929,   +0.003104,   +0.008817)

inertia tensor with origin at c.o.m. :
      +0.160150        -0.037013        +0.006165
      -0.037013        +0.170674        +0.008751
      +0.006165        +0.008751        +0.295572