
T1 =              +0.981244

Tx =              +0.000159
Ty =              -0.000714
Tz =              -0.000218

Txx =             +0.254671
Tyy =             +0.058607
Tzz =             +0.032840

Txy =             -0.038064
Tyz =             +0.000102
Tzx =             -0.002538

center of mass:  (   +0.000162,   -0.000728,   -0.000223)

inertia tensor with origin at c.o.m. :
      +0.091447        +0.038063        +0.002538
      +0.038063        +0.287511        -0.000102
      +0.002538        -0.000102        +0.313277