

T1 =        +1349198.585467

Tx =         -215131.054149
Ty =        +1284307.697136
Tz =        -1233304.382096

Txx =    +1439059520.264421
Tyy =    +1396260931.867020
Tzz =    +1192922641.568989

Txy =     +228855310.727181
Tyz =      +79466938.281045
Tzx =      +47509405.197498

center of mass:  (   -0.159451,   +0.951904,   -0.914101)

inertia tensor with origin at c.o.m. :
+2586833670.320210  -229060094.864752  -47312753.589154
-229060094.864752  +2630820493.650356  -80640925.808085
-47312753.589154  -80640925.808085  +2834063611.478295