
T1 =              +0.977885

Tx =              +0.001602
Ty =              +0.000037
Tz =              +0.000242

Txx =             +0.157430
Tyy =             +0.057319
Tzz =             +0.059317

Txy =             +0.028182
Tyz =             +0.005405
Tzx =             +0.005345

center of mass:  (   +0.001638,   +0.000038,   +0.000247)

inertia tensor with origin at c.o.m. :
      +0.116635        -0.028182        -0.005344
      -0.028182        +0.216743        -0.005405
      -0.005344        -0.005405        +0.214746