
T1 =              +2.034063

Tx =              -0.155133
Ty =              +0.135330
Tz =              -0.014650

Txx =             +0.656025
Tyy =             +0.258755
Tzz =             +0.186961

Txy =             +0.030685
Tyz =             +0.003311
Tzx =             +0.002809

center of mass:  (   -0.076267,   +0.066532,   -0.007202)

inertia tensor with origin at c.o.m. :
      +0.436606        -0.041006        -0.001692
      -0.041006        +0.831049        -0.004285
      -0.001692        -0.004285        +0.893945