
T1 =              +0.970634

Tx =              -0.003050
Ty =              +0.001559
Tz =              -0.002446

Txx =             +0.132015
Tyy =             +0.086232
Tzz =             +0.053163

Txy =             +0.054188
Tyz =             -0.000771
Tzx =             -0.004716

center of mass:  (   -0.003142,   +0.001606,   -0.002520)

inertia tensor with origin at c.o.m. :
      +0.139386        -0.054192        +0.004724
      -0.054192        +0.185162        +0.000767
      +0.004724        +0.000767        +0.218234
