
T1 =              +0.944806

Tx =              -0.001317
Ty =              +0.001730
Tz =              +0.000688

Txx =             +0.113072
Tyy =             +0.107039
Tzz =             +0.033847

Txy =             -0.019848
Tyz =             +0.001493
Tzx =             +0.001443

center of mass:  (   -0.001394,   +0.001831,   +0.000728)

inertia tensor with origin at c.o.m. :
      +0.140882        +0.019845        -0.001444
      +0.019845        +0.146916        -0.001491
      -0.001444        -0.001491        +0.220105
