
T1 =              +0.900871

Tx =              -0.007341
Ty =              -0.000172
Tz =              +0.012363

Txx =             +0.078378
Tyy =             +0.156171
Tzz =             +0.036208

Txy =             -0.048831
Tyz =             -0.002836
Tzx =             -0.004079

center of mass:  (   -0.008149,   -0.000190,   +0.013724)

inertia tensor with origin at c.o.m. :
      +0.192209        +0.048832        +0.003979
      +0.048832        +0.114356        +0.002834
      +0.003979        +0.002834        +0.234488