
T1 =              +0.953574

Tx =              +0.004409
Ty =              +0.002398
Tz =              -0.002134

Txx =             +0.166751
Tyy =             +0.063256
Tzz =             +0.045289

Txy =             -0.024985
Tyz =             -0.000683
Tzx =             +0.001565

center of mass:  (   +0.004623,   +0.002515,   -0.002238)

inertia tensor with origin at c.o.m. :
      +0.108535        +0.024996        -0.001574
      +0.024996        +0.212015        +0.000677
      -0.001574        +0.000677        +0.229981