
T1 =              +0.978022

Tx =              +0.000327
Ty =              +0.000611
Tz =              +0.000138

Txx =             +0.096131
Tyy =             +0.085299
Tzz =             +0.054337

Txy =             +0.007663
Tyz =             +0.003906
Tzx =             -0.004756

center of mass:  (   +0.000334,   +0.000625,   +0.000141)

inertia tensor with origin at c.o.m. :
      +0.139636        -0.007663        +0.004756
      -0.007663        +0.150467        -0.003906
      +0.004756        -0.003906        +0.181429