

T1 =              +0.971776

Tx =              -0.000995
Ty =              -0.000151
Tz =              -0.003036

Txx =             +0.078758
Tyy =             +0.117966
Tzz =             +0.053651

Txy =             -0.004321
Tyz =             +0.003366
Tzx =             -0.005665

center of mass:  (   -0.001024,   -0.000156,   -0.003124)

inertia tensor with origin at c.o.m. :
      +0.171608        +0.004321        +0.005668
      +0.004321        +0.132399        -0.003365
      +0.005668        -0.003365        +0.196723